100000	 2.19952e+11	 1.65101e+30	 6.45074e+27
 200000	 2.19894e+11	 1.65043e+30	 2.39561e+28
 300000	 2.19823e+11	 1.64972e+30	 5.80363e+28
 400000	 2.19739e+11	 1.64888e+30	 1.14205e+29
 500000	 2.19642e+11	 1.64791e+30	 1.97965e+29
 600000	 2.19532e+11	 1.64681e+30	 3.14809e+29
 700000	 2.19409e+11	 1.64558e+30	 4.70217e+29
 800000	 2.19273e+11	 1.64422e+30	 6.69653e+29
 900000	 2.19124e+11	 1.64273e+30	 9.18564e+29
 1e+06	 2.18961e+11	 1.6411e+30	 1.22238e+30
 1.1e+06	 2.18785e+11	 1.63934e+30	 1.5865e+30
 1.2e+06	 2.18596e+11	 1.63746e+30	 2.01631e+30
 1.3e+06	 2.18394e+11	 1.63544e+30	 2.51717e+30
 1.4e+06	 2.18179e+11	 1.63329e+30	 3.09442e+30
 1.5e+06	 2.17951e+11	 1.63101e+30	 3.75334e+30
 1.6e+06	 2.1771e+11	 1.62861e+30	 4.49922e+30
 1.7e+06	 2.17456e+11	 1.62607e+30	 5.3373e+30
 1.8e+06	 2.17189e+11	 1.62341e+30	 6.27277e+30
 1.9e+06	 2.16909e+11	 1.62062e+30	 7.3108e+30
 2e+06	 2.16616e+11	 1.61771e+30	 8.45653e+30
 2.1e+06	 2.16311e+11	 1.61467e+30	 9.71503e+30
 2.2e+06	 2.15993e+11	 1.6115e+30	 1.10914e+31
 2.3e+06	 2.15662e+11	 1.60821e+30	 1.25905e+31
 2.4e+06	 2.15319e+11	 1.6048e+30	 1.42175e+31
 2.5e+06	 2.14963e+11	 1.60127e+30	 1.59771e+31
 2.6e+06	 2.14595e+11	 1.59762e+30	 1.78744e+31
 2.7e+06	 2.14215e+11	 1.59384e+30	 1.9914e+31
 2.8e+06	 2.13823e+11	 1.58995e+30	 2.21007e+31
 2.9e+06	 2.13418e+11	 1.58594e+30	 2.44392e+31
 3e+06	 2.13002e+11	 1.58182e+30	 2.69343e+31
 3.1e+06	 2.12573e+11	 1.57758e+30	 2.95904e+31
 3.2e+06	 2.12133e+11	 1.57322e+30	 3.24122e+31
 3.3e+06	 2.11681e+11	 1.56876e+30	 3.54041e+31
 3.4e+06	 2.11218e+11	 1.56418e+30	 3.85704e+31
 3.5e+06	 2.10742e+11	 1.55949e+30	 4.19156e+31
 3.6e+06	 2.10256e+11	 1.55469e+30	 4.5444e+31
 3.7e+06	 2.09758e+11	 1.54978e+30	 4.91598e+31
 3.8e+06	 2.09249e+11	 1.54477e+30	 5.3067e+31
 3.9e+06	 2.08729e+11	 1.53965e+30	 5.71699e+31
 4e+06	 2.08198e+11	 1.53443e+30	 6.14725e+31
 4.1e+06	 2.07656e+11	 1.5291e+30	 6.59786e+31
 4.2e+06	 2.07103e+11	 1.52368e+30	 7.06922e+31
 4.3e+06	 2.06539e+11	 1.51816e+30	 7.5617e+31
 4.4e+06	 2.05965e+11	 1.51253e+30	 8.07569e+31
 4.5e+06	 2.05381e+11	 1.50681e+30	 8.61154e+31
 4.6e+06	 2.04786e+11	 1.501e+30	 9.16962e+31
 4.7e+06	 2.04182e+11	 1.49509e+30	 9.75027e+31
 4.8e+06	 2.03567e+11	 1.48909e+30	 1.03538e+32
 4.9e+06	 2.02942e+11	 1.483e+30	 1.09807e+32
 5e+06	 2.02308e+11	 1.47683e+30	 1.16311e+32
 5.1e+06	 2.01664e+11	 1.47056e+30	 1.23053e+32
 5.2e+06	 2.0101e+11	 1.46421e+30	 1.30039e+32
 5.3e+06	 2.00347e+11	 1.45778e+30	 1.37269e+32
 5.4e+06	 1.99675e+11	 1.45126e+30	 1.44747e+32
 5.5e+06	 1.98994e+11	 1.44466e+30	 1.52476e+32
 5.6e+06	 1.98304e+11	 1.43798e+30	 1.60459e+32
 5.7e+06	 1.97605e+11	 1.43123e+30	 1.68698e+32
 5.8e+06	 1.96897e+11	 1.4244e+30	 1.77196e+32
 5.9e+06	 1.96181e+11	 1.4175e+30	 1.85956e+32
 6e+06	 1.95457e+11	 1.41052e+30	 1.9498e+32
 6.1e+06	 1.94724e+11	 1.40348e+30	 2.0427e+32
 6.2e+06	 1.93983e+11	 1.39636e+30	 2.13829e+32
 6.3e+06	 1.93235e+11	 1.38918e+30	 2.23658e+32
 6.4e+06	 1.92478e+11	 1.38193e+30	 2.33761e+32
 6.5e+06	 1.91714e+11	 1.37462e+30	 2.44138e+32
 6.6e+06	 1.90942e+11	 1.36725e+30	 2.54792e+32
 6.7e+06	 1.90163e+11	 1.35982e+30	 2.65725e+32
 6.8e+06	 1.89377e+11	 1.35233e+30	 2.76938e+32
 6.9e+06	 1.88583e+11	 1.34478e+30	 2.88433e+32
 7e+06	 1.87783e+11	 1.33718e+30	 3.00212e+32
 7.1e+06	 1.86976e+11	 1.32952e+30	 3.12275e+32
 7.2e+06	 1.86163e+11	 1.32181e+30	 3.24626e+32
 7.3e+06	 1.85343e+11	 1.31405e+30	 3.37264e+32
 7.4e+06	 1.84516e+11	 1.30625e+30	 3.50191e+32
 7.5e+06	 1.83684e+11	 1.2984e+30	 3.63409e+32
 7.6e+06	 1.82846e+11	 1.2905e+30	 3.76917e+32
 7.7e+06	 1.82001e+11	 1.28256e+30	 3.90718e+32
 7.8e+06	 1.81151e+11	 1.27458e+30	 4.04812e+32
 7.9e+06	 1.80296e+11	 1.26656e+30	 4.19199e+32
 8e+06	 1.79435e+11	 1.25851e+30	 4.33882e+32
 8.1e+06	 1.78569e+11	 1.25041e+30	 4.48859e+32
 8.2e+06	 1.77698e+11	 1.24228e+30	 4.64132e+32
 8.3e+06	 1.76821e+11	 1.23412e+30	 4.79702e+32
 8.4e+06	 1.7594e+11	 1.22593e+30	 4.95567e+32
 8.5e+06	 1.75055e+11	 1.21771e+30	 5.1173e+32
 8.6e+06	 1.74165e+11	 1.20946e+30	 5.2819e+32
 8.7e+06	 1.7327e+11	 1.20119e+30	 5.44947e+32
 8.8e+06	 1.72372e+11	 1.19289e+30	 5.62001e+32
 8.9e+06	 1.71469e+11	 1.18457e+30	 5.79352e+32
 9e+06	 1.70563e+11	 1.17623e+30	 5.97e+32
 9.1e+06	 1.69653e+11	 1.16787e+30	 6.14945e+32
 9.2e+06	 1.68739e+11	 1.15949e+30	 6.33186e+32
 9.3e+06	 1.67822e+11	 1.15109e+30	 6.51724e+32
 9.4e+06	 1.66901e+11	 1.14268e+30	 6.70557e+32
 9.5e+06	 1.65977e+11	 1.13426e+30	 6.89685e+32
 9.6e+06	 1.65051e+11	 1.12582e+30	 7.09108e+32
 9.7e+06	 1.64121e+11	 1.11738e+30	 7.28825e+32
 9.8e+06	 1.63189e+11	 1.10892e+30	 7.48836e+32
 9.9e+06	 1.62254e+11	 1.10046e+30	 7.69138e+32
 1e+07	 1.61317e+11	 1.09199e+30	 7.89732e+32
 1.01e+07	 1.60377e+11	 1.08352e+30	 8.10617e+32
 1.02e+07	 1.59436e+11	 1.07504e+30	 8.31791e+32
 1.03e+07	 1.58492e+11	 1.06657e+30	 8.53253e+32
 1.04e+07	 1.57546e+11	 1.05809e+30	 8.75003e+32
 1.05e+07	 1.56599e+11	 1.04962e+30	 8.97039e+32
 1.06e+07	 1.5565e+11	 1.04115e+30	 9.19359e+32
 1.07e+07	 1.547e+11	 1.03268e+30	 9.41963e+32
 1.08e+07	 1.53748e+11	 1.02421e+30	 9.64848e+32
 1.09e+07	 1.52795e+11	 1.01576e+30	 9.88014e+32
 1.1e+07	 1.51841e+11	 1.00731e+30	 1.01146e+33
 1.11e+07	 1.50886e+11	 9.98873e+29	 1.03518e+33
 1.12e+07	 1.4993e+11	 9.90445e+29	 1.05918e+33
 1.13e+07	 1.48973e+11	 9.82028e+29	 1.08345e+33
 1.14e+07	 1.48016e+11	 9.73625e+29	 1.10799e+33
 1.15e+07	 1.47059e+11	 9.65236e+29	 1.13281e+33
 1.16e+07	 1.46101e+11	 9.56862e+29	 1.15789e+33
 1.17e+07	 1.45143e+11	 9.48505e+29	 1.18324e+33
 1.18e+07	 1.44185e+11	 9.40166e+29	 1.20885e+33
 1.19e+07	 1.43226e+11	 9.31845e+29	 1.23472e+33
 1.2e+07	 1.42269e+11	 9.23544e+29	 1.26086e+33
 1.21e+07	 1.41311e+11	 9.15264e+29	 1.28725e+33
 1.22e+07	 1.40353e+11	 9.07006e+29	 1.3139e+33
 1.23e+07	 1.39397e+11	 8.98771e+29	 1.3408e+33
 1.24e+07	 1.3844e+11	 8.9056e+29	 1.36795e+33
 1.25e+07	 1.37485e+11	 8.82374e+29	 1.39535e+33
 1.26e+07	 1.3653e+11	 8.74214e+29	 1.423e+33
 1.27e+07	 1.35577e+11	 8.66081e+29	 1.45089e+33
 1.28e+07	 1.34624e+11	 8.57976e+29	 1.47902e+33
 1.29e+07	 1.33672e+11	 8.49899e+29	 1.50739e+33
 1.3e+07	 1.32722e+11	 8.41852e+29	 1.536e+33
 1.31e+07	 1.31773e+11	 8.33836e+29	 1.56484e+33
 1.32e+07	 1.30825e+11	 8.25851e+29	 1.59391e+33
 1.33e+07	 1.29879e+11	 8.17899e+29	 1.62321e+33
 1.34e+07	 1.28935e+11	 8.09979e+29	 1.65274e+33
 1.35e+07	 1.27992e+11	 8.02093e+29	 1.68248e+33
 1.36e+07	 1.27052e+11	 7.94241e+29	 1.71245e+33
 1.37e+07	 1.26113e+11	 7.86425e+29	 1.74264e+33
 1.38e+07	 1.25176e+11	 7.78645e+29	 1.77304e+33
 1.39e+07	 1.24241e+11	 7.70902e+29	 1.80365e+33
 1.4e+07	 1.23308e+11	 7.63196e+29	 1.83447e+33
 1.41e+07	 1.22378e+11	 7.55528e+29	 1.86549e+33
 1.42e+07	 1.2145e+11	 7.47898e+29	 1.89672e+33
 1.43e+07	 1.20524e+11	 7.40308e+29	 1.92815e+33
 1.44e+07	 1.19601e+11	 7.32758e+29	 1.95977e+33
 1.45e+07	 1.18681e+11	 7.25249e+29	 1.99159e+33
 1.46e+07	 1.17763e+11	 7.1778e+29	 2.0236e+33
 1.47e+07	 1.16848e+11	 7.10353e+29	 2.0558e+33
 1.48e+07	 1.15936e+11	 7.02968e+29	 2.08818e+33
 1.49e+07	 1.15026e+11	 6.95626e+29	 2.12074e+33
 1.5e+07	 1.1412e+11	 6.88327e+29	 2.15348e+33
 1.51e+07	 1.13217e+11	 6.81071e+29	 2.1864e+33
 1.52e+07	 1.12316e+11	 6.73859e+29	 2.21948e+33
 1.53e+07	 1.11419e+11	 6.66692e+29	 2.25274e+33
 1.54e+07	 1.10525e+11	 6.5957e+29	 2.28616e+33
 1.55e+07	 1.09635e+11	 6.52493e+29	 2.31974e+33
 1.56e+07	 1.08747e+11	 6.45462e+29	 2.35349e+33
 1.57e+07	 1.07863e+11	 6.38476e+29	 2.38739e+33
 1.58e+07	 1.06983e+11	 6.31537e+29	 2.42144e+33
 1.59e+07	 1.06106e+11	 6.24645e+29	 2.45564e+33
 1.6e+07	 1.05233e+11	 6.17799e+29	 2.48999e+33
 1.61e+07	 1.04363e+11	 6.11001e+29	 2.52448e+33
 1.62e+07	 1.03497e+11	 6.04251e+29	 2.55911e+33
 1.63e+07	 1.02635e+11	 5.97548e+29	 2.59388e+33
 1.64e+07	 1.01777e+11	 5.90893e+29	 2.62878e+33
 1.65e+07	 1.00922e+11	 5.84287e+29	 2.66381e+33
 1.66e+07	 1.00071e+11	 5.77729e+29	 2.69897e+33
 1.67e+07	 9.92243e+10	 5.7122e+29	 2.73425e+33
 1.68e+07	 9.83815e+10	 5.6476e+29	 2.76965e+33
 1.69e+07	 9.75427e+10	 5.58348e+29	 2.80517e+33
 1.7e+07	 9.67079e+10	 5.51986e+29	 2.8408e+33
 1.71e+07	 9.58772e+10	 5.45674e+29	 2.87655e+33
 1.72e+07	 9.50507e+10	 5.39411e+29	 2.9124e+33
 1.73e+07	 9.42283e+10	 5.33197e+29	 2.94836e+33
 1.74e+07	 9.34101e+10	 5.27033e+29	 2.98441e+33
 1.75e+07	 9.25962e+10	 5.20919e+29	 3.02057e+33
 1.76e+07	 9.17866e+10	 5.14855e+29	 3.05682e+33
 1.77e+07	 9.09812e+10	 5.0884e+29	 3.09316e+33
 1.78e+07	 9.01802e+10	 5.02876e+29	 3.12958e+33
 1.79e+07	 8.93835e+10	 4.96961e+29	 3.1661e+33
 1.8e+07	 8.85913e+10	 4.91097e+29	 3.20269e+33
 1.81e+07	 8.78035e+10	 4.85282e+29	 3.23937e+33
 1.82e+07	 8.70201e+10	 4.79518e+29	 3.27611e+33
 1.83e+07	 8.62411e+10	 4.73804e+29	 3.31294e+33
 1.84e+07	 8.54667e+10	 4.68139e+29	 3.34983e+33
 1.85e+07	 8.46968e+10	 4.62525e+29	 3.38678e+33
 1.86e+07	 8.39314e+10	 4.5696e+29	 3.4238e+33
 1.87e+07	 8.31706e+10	 4.51446e+29	 3.46088e+33
 1.88e+07	 8.24144e+10	 4.45981e+29	 3.49802e+33
 1.89e+07	 8.16627e+10	 4.40566e+29	 3.53521e+33
 1.9e+07	 8.09157e+10	 4.352e+29	 3.57245e+33
 1.91e+07	 8.01732e+10	 4.29884e+29	 3.60974e+33
 1.92e+07	 7.94355e+10	 4.24618e+29	 3.64708e+33
 1.93e+07	 7.87023e+10	 4.19401e+29	 3.68445e+33
 1.94e+07	 7.79739e+10	 4.14233e+29	 3.72187e+33
 1.95e+07	 7.72501e+10	 4.09114e+29	 3.75932e+33
 1.96e+07	 7.6531e+10	 4.04044e+29	 3.7968e+33
 1.97e+07	 7.58166e+10	 3.99023e+29	 3.83431e+33
 1.98e+07	 7.51069e+10	 3.94051e+29	 3.87185e+33
 1.99e+07	 7.44019e+10	 3.89127e+29	 3.90942e+33
 2e+07	 7.37016e+10	 3.84251e+29	 3.947e+33
 2.01e+07	 7.30061e+10	 3.79424e+29	 3.98461e+33
 2.02e+07	 7.23152e+10	 3.74644e+29	 4.02223e+33
 2.03e+07	 7.16292e+10	 3.69912e+29	 4.05986e+33
 2.04e+07	 7.09478e+10	 3.65228e+29	 4.0975e+33
 2.05e+07	 7.02712e+10	 3.60592e+29	 4.13515e+33
 2.06e+07	 6.95993e+10	 3.56002e+29	 4.17281e+33
 2.07e+07	 6.89322e+10	 3.51459e+29	 4.21047e+33
 2.08e+07	 6.82698e+10	 3.46963e+29	 4.24812e+33
 2.09e+07	 6.76121e+10	 3.42514e+29	 4.28578e+33
 2.1e+07	 6.69592e+10	 3.38111e+29	 4.32342e+33
 2.11e+07	 6.6311e+10	 3.33754e+29	 4.36106e+33
 2.12e+07	 6.56675e+10	 3.29443e+29	 4.39869e+33
 2.13e+07	 6.50288e+10	 3.25177e+29	 4.43631e+33
 2.14e+07	 6.43948e+10	 3.20957e+29	 4.47391e+33
 2.15e+07	 6.37655e+10	 3.16782e+29	 4.51149e+33
 2.16e+07	 6.31409e+10	 3.12651e+29	 4.54904e+33
 2.17e+07	 6.2521e+10	 3.08565e+29	 4.58658e+33
 2.18e+07	 6.19058e+10	 3.04524e+29	 4.62409e+33
 2.19e+07	 6.12953e+10	 3.00526e+29	 4.66157e+33
 2.2e+07	 6.06895e+10	 2.96572e+29	 4.69902e+33
 2.21e+07	 6.00883e+10	 2.92662e+29	 4.73644e+33
 2.22e+07	 5.94918e+10	 2.88794e+29	 4.77382e+33
 2.23e+07	 5.89e+10	 2.8497e+29	 4.81116e+33
 2.24e+07	 5.83128e+10	 2.81188e+29	 4.84847e+33
 2.25e+07	 5.77302e+10	 2.77449e+29	 4.88573e+33
 2.26e+07	 5.71522e+10	 2.73752e+29	 4.92295e+33
 2.27e+07	 5.65788e+10	 2.70096e+29	 4.96012e+33
 2.28e+07	 5.60101e+10	 2.66482e+29	 4.99724e+33
 2.29e+07	 5.54459e+10	 2.62908e+29	 5.03431e+33
 2.3e+07	 5.48862e+10	 2.59376e+29	 5.07133e+33
 2.31e+07	 5.43311e+10	 2.55884e+29	 5.1083e+33
 2.32e+07	 5.37805e+10	 2.52433e+29	 5.1452e+33
 2.33e+07	 5.32345e+10	 2.49021e+29	 5.18205e+33
 2.34e+07	 5.26929e+10	 2.45649e+29	 5.21884e+33
 2.35e+07	 5.21558e+10	 2.42317e+29	 5.25556e+33
 2.36e+07	 5.16232e+10	 2.39023e+29	 5.29222e+33
 2.37e+07	 5.10951e+10	 2.35768e+29	 5.32881e+33
 2.38e+07	 5.05714e+10	 2.32551e+29	 5.36533e+33
 2.39e+07	 5.0052e+10	 2.29373e+29	 5.40179e+33
 2.4e+07	 4.95371e+10	 2.26232e+29	 5.43817e+33
 2.41e+07	 4.90266e+10	 2.23128e+29	 5.47447e+33
 2.42e+07	 4.85204e+10	 2.20062e+29	 5.5107e+33
 2.43e+07	 4.80185e+10	 2.17032e+29	 5.54685e+33
 2.44e+07	 4.7521e+10	 2.14039e+29	 5.58293e+33
 2.45e+07	 4.70278e+10	 2.11082e+29	 5.61892e+33
 2.46e+07	 4.65388e+10	 2.08161e+29	 5.65483e+33
 2.47e+07	 4.60541e+10	 2.05276e+29	 5.69065e+33
 2.48e+07	 4.55737e+10	 2.02425e+29	 5.72639e+33
 2.49e+07	 4.50975e+10	 1.9961e+29	 5.76204e+33
 2.5e+07	 4.46254e+10	 1.96829e+29	 5.7976e+33
 2.51e+07	 4.41575e+10	 1.94082e+29	 5.83307e+33
 2.52e+07	 4.36938e+10	 1.91369e+29	 5.86845e+33
 2.53e+07	 4.32342e+10	 1.8869e+29	 5.90373e+33
 2.54e+07	 4.27788e+10	 1.86044e+29	 5.93892e+33
 2.55e+07	 4.23274e+10	 1.83432e+29	 5.97402e+33
 2.56e+07	 4.188e+10	 1.80851e+29	 6.00901e+33
 2.57e+07	 4.14367e+10	 1.78303e+29	 6.04391e+33
 2.58e+07	 4.09975e+10	 1.75788e+29	 6.0787e+33
 2.59e+07	 4.05622e+10	 1.73304e+29	 6.11339e+33
 2.6e+07	 4.01309e+10	 1.70851e+29	 6.14798e+33
 2.61e+07	 3.97035e+10	 1.68429e+29	 6.18247e+33
 2.62e+07	 3.928e+10	 1.66038e+29	 6.21685e+33
 2.63e+07	 3.88605e+10	 1.63678e+29	 6.25112e+33
 2.64e+07	 3.84448e+10	 1.61348e+29	 6.28529e+33
 2.65e+07	 3.8033e+10	 1.59048e+29	 6.31934e+33
 2.66e+07	 3.7625e+10	 1.56777e+29	 6.35328e+33
 2.67e+07	 3.72209e+10	 1.54535e+29	 6.38712e+33
 2.68e+07	 3.68205e+10	 1.52323e+29	 6.42084e+33
 2.69e+07	 3.64238e+10	 1.50139e+29	 6.45444e+33
 2.7e+07	 3.60309e+10	 1.47983e+29	 6.48793e+33
 2.71e+07	 3.56417e+10	 1.45856e+29	 6.52131e+33
 2.72e+07	 3.52562e+10	 1.43756e+29	 6.55457e+33
 2.73e+07	 3.48743e+10	 1.41684e+29	 6.58771e+33
 2.74e+07	 3.4496e+10	 1.39638e+29	 6.62073e+33
 2.75e+07	 3.41214e+10	 1.3762e+29	 6.65363e+33
 2.76e+07	 3.37504e+10	 1.35628e+29	 6.68641e+33
 2.77e+07	 3.33829e+10	 1.33663e+29	 6.71907e+33
 2.78e+07	 3.30189e+10	 1.31723e+29	 6.75161e+33
 2.79e+07	 3.26585e+10	 1.2981e+29	 6.78403e+33
 2.8e+07	 3.23015e+10	 1.27921e+29	 6.81632e+33
 2.81e+07	 3.1948e+10	 1.26058e+29	 6.84848e+33
 2.82e+07	 3.15979e+10	 1.2422e+29	 6.88052e+33
 2.83e+07	 3.12512e+10	 1.22406e+29	 6.91243e+33
 2.84e+07	 3.09079e+10	 1.20616e+29	 6.94422e+33
 2.85e+07	 3.0568e+10	 1.18851e+29	 6.97588e+33
 2.86e+07	 3.02314e+10	 1.17109e+29	 7.00741e+33
 2.87e+07	 2.98981e+10	 1.15391e+29	 7.03881e+33
 2.88e+07	 2.95681e+10	 1.13696e+29	 7.07008e+33
 2.89e+07	 2.92414e+10	 1.12024e+29	 7.10122e+33
 2.9e+07	 2.89179e+10	 1.10374e+29	 7.13223e+33
 2.91e+07	 2.85976e+10	 1.08747e+29	 7.16311e+33
 2.92e+07	 2.82805e+10	 1.07142e+29	 7.19386e+33
 2.93e+07	 2.79665e+10	 1.05559e+29	 7.22447e+33
 2.94e+07	 2.76557e+10	 1.03998e+29	 7.25495e+33
 2.95e+07	 2.7348e+10	 1.02458e+29	 7.2853e+33
 2.96e+07	 2.70433e+10	 1.00939e+29	 7.31551e+33
 2.97e+07	 2.67418e+10	 9.9441e+28	 7.34559e+33
 2.98e+07	 2.64432e+10	 9.79636e+28	 7.37553e+33
 2.99e+07	 2.61477e+10	 9.65066e+28	 7.40534e+33
 3e+07	 2.58552e+10	 9.50697e+28	 7.43501e+33
 3.01e+07	 2.55656e+10	 9.36526e+28	 7.46454e+33
 3.02e+07	 2.52789e+10	 9.22552e+28	 7.49394e+33
 3.03e+07	 2.49952e+10	 9.08772e+28	 7.5232e+33
 3.04e+07	 2.47144e+10	 8.95184e+28	 7.55232e+33
 3.05e+07	 2.44364e+10	 8.81785e+28	 7.58131e+33
 3.06e+07	 2.41613e+10	 8.68572e+28	 7.61016e+33
 3.07e+07	 2.3889e+10	 8.55545e+28	 7.63887e+33
 3.08e+07	 2.36195e+10	 8.427e+28	 7.66744e+33
 3.09e+07	 2.33527e+10	 8.30034e+28	 7.69587e+33
 3.1e+07	 2.30887e+10	 8.17547e+28	 7.72416e+33
 3.11e+07	 2.28275e+10	 8.05235e+28	 7.75232e+33
 3.12e+07	 2.25689e+10	 7.93097e+28	 7.78033e+33
 3.13e+07	 2.2313e+10	 7.8113e+28	 7.8082e+33
 3.14e+07	 2.20598e+10	 7.69331e+28	 7.83594e+33
 3.15e+07	 2.18091e+10	 7.577e+28	 7.86353e+33
 3.16e+07	 2.15611e+10	 7.46234e+28	 7.89098e+33
 3.17e+07	 2.13157e+10	 7.3493e+28	 7.9183e+33
 3.18e+07	 2.10729e+10	 7.23787e+28	 7.94547e+33
 3.19e+07	 2.08326e+10	 7.12802e+28	 7.9725e+33
 3.2e+07	 2.05948e+10	 7.01974e+28	 7.99939e+33
 3.21e+07	 2.03594e+10	 6.91301e+28	 8.02614e+33
 3.22e+07	 2.01266e+10	 6.8078e+28	 8.05275e+33
 3.23e+07	 1.98962e+10	 6.7041e+28	 8.07922e+33
 3.24e+07	 1.96683e+10	 6.60188e+28	 8.10555e+33
 3.25e+07	 1.94427e+10	 6.50113e+28	 8.13173e+33
 3.26e+07	 1.92196e+10	 6.40182e+28	 8.15778e+33
 3.27e+07	 1.89987e+10	 6.30394e+28	 8.18368e+33
 3.28e+07	 1.87803e+10	 6.20748e+28	 8.20945e+33
 3.29e+07	 1.85641e+10	 6.1124e+28	 8.23507e+33
 3.3e+07	 1.83503e+10	 6.0187e+28	 8.26055e+33
 3.31e+07	 1.81387e+10	 5.92636e+28	 8.28589e+33
 3.32e+07	 1.79294e+10	 5.83535e+28	 8.31109e+33
 3.33e+07	 1.77223e+10	 5.74566e+28	 8.33615e+33
 3.34e+07	 1.75174e+10	 5.65727e+28	 8.36107e+33
 3.35e+07	 1.73148e+10	 5.57016e+28	 8.38585e+33
 3.36e+07	 1.71143e+10	 5.48433e+28	 8.41049e+33
 3.37e+07	 1.69159e+10	 5.39974e+28	 8.43498e+33
 3.38e+07	 1.67197e+10	 5.31639e+28	 8.45934e+33
 3.39e+07	 1.65256e+10	 5.23425e+28	 8.48356e+33
 3.4e+07	 1.63336e+10	 5.15332e+28	 8.50763e+33
 3.41e+07	 1.61436e+10	 5.07357e+28	 8.53157e+33
 3.42e+07	 1.59557e+10	 4.99499e+28	 8.55537e+33
 3.43e+07	 1.57699e+10	 4.91756e+28	 8.57903e+33
 3.44e+07	 1.5586e+10	 4.84126e+28	 8.60255e+33
 3.45e+07	 1.54041e+10	 4.76609e+28	 8.62593e+33
 3.46e+07	 1.52243e+10	 4.69203e+28	 8.64917e+33
 3.47e+07	 1.50463e+10	 4.61905e+28	 8.67227e+33
 3.48e+07	 1.48703e+10	 4.54716e+28	 8.69523e+33
 3.49e+07	 1.46963e+10	 4.47632e+28	 8.71806e+33
 3.5e+07	 1.45241e+10	 4.40653e+28	 8.74075e+33
 3.51e+07	 1.43538e+10	 4.33778e+28	 8.7633e+33
 3.52e+07	 1.41853e+10	 4.27004e+28	 8.78571e+33
 3.53e+07	 1.40187e+10	 4.20331e+28	 8.80798e+33
 3.54e+07	 1.3854e+10	 4.13756e+28	 8.83012e+33
 3.55e+07	 1.3691e+10	 4.0728e+28	 8.85213e+33
 3.56e+07	 1.35298e+10	 4.00899e+28	 8.87399e+33
 3.57e+07	 1.33704e+10	 3.94614e+28	 8.89572e+33
 3.58e+07	 1.32128e+10	 3.88422e+28	 8.91731e+33
 3.59e+07	 1.30569e+10	 3.82323e+28	 8.93877e+33
 3.6e+07	 1.29027e+10	 3.76315e+28	 8.9601e+33
 3.61e+07	 1.27502e+10	 3.70397e+28	 8.98129e+33
 3.62e+07	 1.25994e+10	 3.64567e+28	 9.00234e+33
 3.63e+07	 1.24502e+10	 3.58824e+28	 9.02326e+33
 3.64e+07	 1.23027e+10	 3.53168e+28	 9.04405e+33
 3.65e+07	 1.21569e+10	 3.47596e+28	 9.0647e+33
 3.66e+07	 1.20126e+10	 3.42108e+28	 9.08522e+33
 3.67e+07	 1.187e+10	 3.36702e+28	 9.10561e+33
 3.68e+07	 1.17289e+10	 3.31378e+28	 9.12586e+33
 3.69e+07	 1.15895e+10	 3.26134e+28	 9.14599e+33
 3.7e+07	 1.14515e+10	 3.20969e+28	 9.16598e+33
 3.71e+07	 1.13151e+10	 3.15882e+28	 9.18584e+33
 3.72e+07	 1.11803e+10	 3.10872e+28	 9.20557e+33
 3.73e+07	 1.10469e+10	 3.05937e+28	 9.22517e+33
 3.74e+07	 1.0915e+10	 3.01077e+28	 9.24464e+33
 3.75e+07	 1.07846e+10	 2.96291e+28	 9.26398e+33
 3.76e+07	 1.06557e+10	 2.91577e+28	 9.28319e+33
 3.77e+07	 1.05282e+10	 2.86935e+28	 9.30227e+33
 3.78e+07	 1.04021e+10	 2.82363e+28	 9.32122e+33
 3.79e+07	 1.02775e+10	 2.7786e+28	 9.34005e+33
 3.8e+07	 1.01542e+10	 2.73426e+28	 9.35875e+33
 3.81e+07	 1.00323e+10	 2.6906e+28	 9.37732e+33
 3.82e+07	 9.91184e+09	 2.6476e+28	 9.39576e+33
 3.83e+07	 9.7927e+09	 2.60525e+28	 9.41408e+33
 3.84e+07	 9.67491e+09	 2.56355e+28	 9.43228e+33
 3.85e+07	 9.55845e+09	 2.52249e+28	 9.45034e+33
 3.86e+07	 9.4433e+09	 2.48205e+28	 9.46829e+33
 3.87e+07	 9.32945e+09	 2.44223e+28	 9.48611e+33
 3.88e+07	 9.21689e+09	 2.40303e+28	 9.5038e+33
 3.89e+07	 9.10561e+09	 2.36442e+28	 9.52137e+33
 3.9e+07	 8.99558e+09	 2.3264e+28	 9.53882e+33
 3.91e+07	 8.8868e+09	 2.28897e+28	 9.55615e+33
 3.92e+07	 8.77926e+09	 2.25211e+28	 9.57335e+33
 3.93e+07	 8.67294e+09	 2.21582e+28	 9.59043e+33
 3.94e+07	 8.56783e+09	 2.18008e+28	 9.6074e+33
 3.95e+07	 8.46391e+09	 2.1449e+28	 9.62424e+33
 3.96e+07	 8.36117e+09	 2.11026e+28	 9.64096e+33
 3.97e+07	 8.25961e+09	 2.07615e+28	 9.65756e+33
 3.98e+07	 8.1592e+09	 2.04257e+28	 9.67404e+33
 3.99e+07	 8.05994e+09	 2.0095e+28	 9.69041e+33
 4e+07	 7.96182e+09	 1.97695e+28	 9.70665e+33
 4.01e+07	 7.86481e+09	 1.9449e+28	 9.72278e+33
 4.02e+07	 7.76891e+09	 1.91334e+28	 9.73879e+33
 4.03e+07	 7.67411e+09	 1.88228e+28	 9.75469e+33
 4.04e+07	 7.5804e+09	 1.85169e+28	 9.77047e+33
 4.05e+07	 7.48776e+09	 1.82158e+28	 9.78613e+33
 4.06e+07	 7.39618e+09	 1.79194e+28	 9.80168e+33
 4.07e+07	 7.30565e+09	 1.76275e+28	 9.81711e+33
 4.08e+07	 7.21617e+09	 1.73402e+28	 9.83243e+33
 4.09e+07	 7.12771e+09	 1.70574e+28	 9.84764e+33
 4.1e+07	 7.04027e+09	 1.67789e+28	 9.86273e+33
 4.11e+07	 6.95383e+09	 1.65048e+28	 9.87771e+33
 4.12e+07	 6.86839e+09	 1.6235e+28	 9.89258e+33
 4.13e+07	 6.78394e+09	 1.59694e+28	 9.90734e+33
 4.14e+07	 6.70046e+09	 1.57079e+28	 9.92198e+33
 4.15e+07	 6.61794e+09	 1.54505e+28	 9.93652e+33
 4.16e+07	 6.53638e+09	 1.51971e+28	 9.95095e+33
 4.17e+07	 6.45576e+09	 1.49477e+28	 9.96527e+33
 4.18e+07	 6.37607e+09	 1.47022e+28	 9.97947e+33
 4.19e+07	 6.2973e+09	 1.44606e+28	 9.99357e+33
 4.2e+07	 6.21944e+09	 1.42227e+28	 1.00076e+34
 4.21e+07	 6.14249e+09	 1.39885e+28	 1.00215e+34
 4.22e+07	 6.06643e+09	 1.3758e+28	 1.00352e+34
 4.23e+07	 5.99125e+09	 1.35312e+28	 1.00489e+34
 4.24e+07	 5.91695e+09	 1.33079e+28	 1.00625e+34
 4.25e+07	 5.84351e+09	 1.30881e+28	 1.00759e+34
 4.26e+07	 5.77092e+09	 1.28718e+28	 1.00893e+34
 4.27e+07	 5.69918e+09	 1.26589e+28	 1.01025e+34
 4.28e+07	 5.62827e+09	 1.24493e+28	 1.01157e+34
 4.29e+07	 5.55819e+09	 1.22431e+28	 1.01287e+34
 4.3e+07	 5.48892e+09	 1.20401e+28	 1.01417e+34
 4.31e+07	 5.42047e+09	 1.18403e+28	 1.01545e+34
 4.32e+07	 5.35281e+09	 1.16436e+28	 1.01673e+34
 4.33e+07	 5.28594e+09	 1.14501e+28	 1.01799e+34
 4.34e+07	 5.21986e+09	 1.12596e+28	 1.01924e+34
 4.35e+07	 5.15454e+09	 1.10722e+28	 1.02049e+34
 4.36e+07	 5.08999e+09	 1.08877e+28	 1.02172e+34
 4.37e+07	 5.0262e+09	 1.07061e+28	 1.02295e+34
 4.38e+07	 4.96316e+09	 1.05274e+28	 1.02416e+34
 4.39e+07	 4.90085e+09	 1.03516e+28	 1.02537e+34
 4.4e+07	 4.83927e+09	 1.01786e+28	 1.02656e+34
 4.41e+07	 4.77842e+09	 1.00083e+28	 1.02775e+34
 4.42e+07	 4.71828e+09	 9.84067e+27	 1.02892e+34
 4.43e+07	 4.65885e+09	 9.67574e+27	 1.03009e+34
 4.44e+07	 4.60012e+09	 9.51345e+27	 1.03125e+34
 4.45e+07	 4.54208e+09	 9.35374e+27	 1.03239e+34
 4.46e+07	 4.48472e+09	 9.19658e+27	 1.03353e+34
 4.47e+07	 4.42804e+09	 9.04193e+27	 1.03466e+34
 4.48e+07	 4.37203e+09	 8.88975e+27	 1.03578e+34
 4.49e+07	 4.31668e+09	 8.74e+27	 1.03689e+34
 4.5e+07	 4.26198e+09	 8.59265e+27	 1.03799e+34
 4.51e+07	 4.20792e+09	 8.44766e+27	 1.03908e+34
 4.52e+07	 4.15451e+09	 8.30499e+27	 1.04016e+34
 4.53e+07	 4.10173e+09	 8.1646e+27	 1.04124e+34
 4.54e+07	 4.04957e+09	 8.02647e+27	 1.0423e+34
 4.55e+07	 3.99803e+09	 7.89055e+27	 1.04336e+34
 4.56e+07	 3.9471e+09	 7.75682e+27	 1.04441e+34
 4.57e+07	 3.89678e+09	 7.62524e+27	 1.04544e+34
 4.58e+07	 3.84705e+09	 7.49577e+27	 1.04647e+34
 4.59e+07	 3.79791e+09	 7.36838e+27	 1.04749e+34
 4.6e+07	 3.74936e+09	 7.24305e+27	 1.04851e+34
 4.61e+07	 3.70138e+09	 7.11974e+27	 1.04951e+34
 4.62e+07	 3.65398e+09	 6.99842e+27	 1.0505e+34
 4.63e+07	 3.60713e+09	 6.87905e+27	 1.05149e+34
 4.64e+07	 3.56085e+09	 6.76162e+27	 1.05247e+34
 4.65e+07	 3.51512e+09	 6.64608e+27	 1.05344e+34
 4.66e+07	 3.46993e+09	 6.53241e+27	 1.0544e+34
 4.67e+07	 3.42528e+09	 6.42058e+27	 1.05535e+34
 4.68e+07	 3.38117e+09	 6.31056e+27	 1.0563e+34
 4.69e+07	 3.33758e+09	 6.20232e+27	 1.05723e+34
 4.7e+07	 3.29451e+09	 6.09584e+27	 1.05816e+34
 4.71e+07	 3.25196e+09	 5.99109e+27	 1.05908e+34
 4.72e+07	 3.20992e+09	 5.88804e+27	 1.06e+34
 4.73e+07	 3.16838e+09	 5.78666e+27	 1.0609e+34
 4.74e+07	 3.12734e+09	 5.68694e+27	 1.0618e+34
 4.75e+07	 3.08679e+09	 5.58883e+27	 1.06268e+34
 4.76e+07	 3.04672e+09	 5.49233e+27	 1.06357e+34
 4.77e+07	 3.00714e+09	 5.3974e+27	 1.06444e+34
 4.78e+07	 2.96804e+09	 5.30401e+27	 1.0653e+34
 4.79e+07	 2.9294e+09	 5.21216e+27	 1.06616e+34
 4.8e+07	 2.89123e+09	 5.1218e+27	 1.06701e+34
 4.81e+07	 2.85352e+09	 5.03292e+27	 1.06785e+34
 4.82e+07	 2.81626e+09	 4.94549e+27	 1.06869e+34
 4.83e+07	 2.77945e+09	 4.8595e+27	 1.06952e+34
 4.84e+07	 2.74309e+09	 4.77491e+27	 1.07034e+34
 4.85e+07	 2.70716e+09	 4.69171e+27	 1.07115e+34
 4.86e+07	 2.67167e+09	 4.60988e+27	 1.07195e+34
 4.87e+07	 2.63661e+09	 4.52939e+27	 1.07275e+34
 4.88e+07	 2.60197e+09	 4.45022e+27	 1.07354e+34
 4.89e+07	 2.56775e+09	 4.37236e+27	 1.07433e+34
 4.9e+07	 2.53394e+09	 4.29578e+27	 1.0751e+34
 4.91e+07	 2.50055e+09	 4.22046e+27	 1.07587e+34
 4.92e+07	 2.46756e+09	 4.14638e+27	 1.07663e+34
 4.93e+07	 2.43497e+09	 4.07352e+27	 1.07739e+34
 4.94e+07	 2.40277e+09	 4.00187e+27	 1.07814e+34
 4.95e+07	 2.37097e+09	 3.9314e+27	 1.07888e+34
 4.96e+07	 2.33955e+09	 3.86209e+27	 1.07961e+34
 4.97e+07	 2.30852e+09	 3.79394e+27	 1.08034e+34
 4.98e+07	 2.27786e+09	 3.72691e+27	 1.08106e+34
 4.99e+07	 2.24758e+09	 3.66099e+27	 1.08177e+34
 5e+07	 2.21766e+09	 3.59617e+27	 1.08248e+34
 5.01e+07	 2.18811e+09	 3.53242e+27	 1.08318e+34
 5.02e+07	 2.15893e+09	 3.46973e+27	 1.08388e+34
 5.03e+07	 2.13009e+09	 3.40809e+27	 1.08457e+34
 5.04e+07	 2.10161e+09	 3.34747e+27	 1.08525e+34
 5.05e+07	 2.07348e+09	 3.28786e+27	 1.08592e+34
 5.06e+07	 2.0457e+09	 3.22924e+27	 1.08659e+34
 5.07e+07	 2.01825e+09	 3.17161e+27	 1.08725e+34
 5.08e+07	 1.99114e+09	 3.11493e+27	 1.08791e+34
 5.09e+07	 1.96436e+09	 3.0592e+27	 1.08856e+34
 5.1e+07	 1.93792e+09	 3.00441e+27	 1.0892e+34
 5.11e+07	 1.91179e+09	 2.95053e+27	 1.08984e+34
 5.12e+07	 1.88599e+09	 2.89756e+27	 1.09047e+34
 5.13e+07	 1.86051e+09	 2.84547e+27	 1.09109e+34
 5.14e+07	 1.83534e+09	 2.79426e+27	 1.09171e+34
 5.15e+07	 1.81047e+09	 2.7439e+27	 1.09233e+34
 5.16e+07	 1.78592e+09	 2.6944e+27	 1.09293e+34
 5.17e+07	 1.76167e+09	 2.64573e+27	 1.09353e+34
 5.18e+07	 1.73772e+09	 2.59788e+27	 1.09413e+34
 5.19e+07	 1.71406e+09	 2.55083e+27	 1.09472e+34
 5.2e+07	 1.6907e+09	 2.50458e+27	 1.0953e+34
 5.21e+07	 1.66763e+09	 2.45911e+27	 1.09588e+34
 5.22e+07	 1.64484e+09	 2.41441e+27	 1.09645e+34
 5.23e+07	 1.62233e+09	 2.37046e+27	 1.09702e+34
 5.24e+07	 1.60011e+09	 2.32726e+27	 1.09758e+34
 5.25e+07	 1.57816e+09	 2.28479e+27	 1.09813e+34
 5.26e+07	 1.55648e+09	 2.24305e+27	 1.09868e+34
 5.27e+07	 1.53508e+09	 2.20201e+27	 1.09923e+34
 5.28e+07	 1.51394e+09	 2.16167e+27	 1.09977e+34
 5.29e+07	 1.49306e+09	 2.12201e+27	 1.1003e+34
 5.3e+07	 1.47244e+09	 2.08303e+27	 1.10083e+34
 5.31e+07	 1.45208e+09	 2.04472e+27	 1.10135e+34
 5.32e+07	 1.43198e+09	 2.00706e+27	 1.10187e+34
 5.33e+07	 1.41212e+09	 1.97004e+27	 1.10238e+34
 5.34e+07	 1.39252e+09	 1.93366e+27	 1.10289e+34
 5.35e+07	 1.37316e+09	 1.8979e+27	 1.10339e+34
 5.36e+07	 1.35404e+09	 1.86275e+27	 1.10389e+34
 5.37e+07	 1.33516e+09	 1.8282e+27	 1.10438e+34
 5.38e+07	 1.31652e+09	 1.79425e+27	 1.10486e+34
 5.39e+07	 1.29811e+09	 1.76088e+27	 1.10535e+34
 5.4e+07	 1.27994e+09	 1.72808e+27	 1.10582e+34
 5.41e+07	 1.26199e+09	 1.69585e+27	 1.10629e+34
 5.42e+07	 1.24427e+09	 1.66418e+27	 1.10676e+34
 5.43e+07	 1.22678e+09	 1.63305e+27	 1.10722e+34
 5.44e+07	 1.2095e+09	 1.60246e+27	 1.10768e+34
 5.45e+07	 1.19244e+09	 1.5724e+27	 1.10813e+34
 5.46e+07	 1.1756e+09	 1.54286e+27	 1.10858e+34
 5.47e+07	 1.15897e+09	 1.51383e+27	 1.10902e+34
 5.48e+07	 1.14255e+09	 1.4853e+27	 1.10946e+34
 5.49e+07	 1.12634e+09	 1.45727e+27	 1.10989e+34
 5.5e+07	 1.11034e+09	 1.42973e+27	 1.11032e+34
 5.51e+07	 1.09454e+09	 1.40266e+27	 1.11075e+34
 5.52e+07	 1.07894e+09	 1.37607e+27	 1.11117e+34
 5.53e+07	 1.06354e+09	 1.34994e+27	 1.11158e+34
 5.54e+07	 1.04833e+09	 1.32427e+27	 1.11199e+34
 5.55e+07	 1.03332e+09	 1.29905e+27	 1.1124e+34
 5.56e+07	 1.0185e+09	 1.27427e+27	 1.1128e+34
 5.57e+07	 1.00387e+09	 1.24992e+27	 1.1132e+34
 5.58e+07	 9.89427e+08	 1.226e+27	 1.11359e+34
 5.59e+07	 9.75169e+08	 1.2025e+27	 1.11398e+34
 5.6e+07	 9.61093e+08	 1.17941e+27	 1.11437e+34
 5.61e+07	 9.47198e+08	 1.15673e+27	 1.11475e+34
 5.62e+07	 9.33482e+08	 1.13445e+27	 1.11512e+34
 5.63e+07	 9.19941e+08	 1.11257e+27	 1.1155e+34
 5.64e+07	 9.06575e+08	 1.09107e+27	 1.11587e+34
 5.65e+07	 8.93382e+08	 1.06995e+27	 1.11623e+34
 5.66e+07	 8.80358e+08	 1.0492e+27	 1.11659e+34
 5.67e+07	 8.67503e+08	 1.02882e+27	 1.11695e+34
 5.68e+07	 8.54813e+08	 1.00881e+27	 1.1173e+34
 5.69e+07	 8.42288e+08	 9.89145e+26	 1.11765e+34
 5.7e+07	 8.29925e+08	 9.69834e+26	 1.11799e+34
 5.71e+07	 8.17722e+08	 9.50868e+26	 1.11833e+34
 5.72e+07	 8.05678e+08	 9.3224e+26	 1.11867e+34
 5.73e+07	 7.9379e+08	 9.13946e+26	 1.119e+34
 5.74e+07	 7.82057e+08	 8.95978e+26	 1.11933e+34
 5.75e+07	 7.70477e+08	 8.78332e+26	 1.11966e+34
 5.76e+07	 7.59048e+08	 8.61003e+26	 1.11998e+34
 5.77e+07	 7.47768e+08	 8.43985e+26	 1.1203e+34
 5.78e+07	 7.36635e+08	 8.27274e+26	 1.12061e+34
 5.79e+07	 7.25649e+08	 8.10863e+26	 1.12092e+34
 5.8e+07	 7.14806e+08	 7.94748e+26	 1.12123e+34
 5.81e+07	 7.04105e+08	 7.78925e+26	 1.12153e+34
 5.82e+07	 6.93545e+08	 7.63387e+26	 1.12183e+34
 5.83e+07	 6.83123e+08	 7.48131e+26	 1.12213e+34
 5.84e+07	 6.72839e+08	 7.33152e+26	 1.12242e+34
 5.85e+07	 6.62691e+08	 7.18445e+26	 1.12271e+34
 5.86e+07	 6.52676e+08	 7.04005e+26	 1.123e+34
 5.87e+07	 6.42794e+08	 6.89828e+26	 1.12328e+34
 5.88e+07	 6.33042e+08	 6.7591e+26	 1.12356e+34
 5.89e+07	 6.2342e+08	 6.62246e+26	 1.12384e+34
 5.9e+07	 6.13925e+08	 6.48833e+26	 1.12411e+34
 5.91e+07	 6.04556e+08	 6.35664e+26	 1.12438e+34
 5.92e+07	 5.95312e+08	 6.22738e+26	 1.12465e+34
 5.93e+07	 5.86191e+08	 6.10049e+26	 1.12491e+34
 5.94e+07	 5.77192e+08	 5.97594e+26	 1.12517e+34
 5.95e+07	 5.68312e+08	 5.85368e+26	 1.12543e+34
 5.96e+07	 5.59552e+08	 5.73367e+26	 1.12568e+34
 5.97e+07	 5.50909e+08	 5.61589e+26	 1.12593e+34
 5.98e+07	 5.42381e+08	 5.50029e+26	 1.12618e+34
 5.99e+07	 5.33969e+08	 5.38683e+26	 1.12643e+34
 6e+07	 5.25669e+08	 5.27548e+26	 1.12667e+34
 6.01e+07	 5.17481e+08	 5.1662e+26	 1.12691e+34
 6.02e+07	 5.09403e+08	 5.05896e+26	 1.12714e+34
 6.03e+07	 5.01435e+08	 4.95372e+26	 1.12738e+34
 6.04e+07	 4.93574e+08	 4.85045e+26	 1.12761e+34
 6.05e+07	 4.85819e+08	 4.74911e+26	 1.12784e+34
 6.06e+07	 4.7817e+08	 4.64967e+26	 1.12806e+34
 6.07e+07	 4.70625e+08	 4.5521e+26	 1.12828e+34
 6.08e+07	 4.63182e+08	 4.45637e+26	 1.1285e+34
 6.09e+07	 4.55841e+08	 4.36244e+26	 1.12872e+34
 6.1e+07	 4.48599e+08	 4.27029e+26	 1.12893e+34
 6.11e+07	 4.41457e+08	 4.17988e+26	 1.12914e+34
 6.12e+07	 4.34412e+08	 4.09118e+26	 1.12935e+34
 6.13e+07	 4.27464e+08	 4.00417e+26	 1.12956e+34
 6.14e+07	 4.20612e+08	 3.91881e+26	 1.12976e+34
 6.15e+07	 4.13853e+08	 3.83508e+26	 1.12996e+34
 6.16e+07	 4.07188e+08	 3.75294e+26	 1.13016e+34
 6.17e+07	 4.00614e+08	 3.67238e+26	 1.13035e+34
 6.18e+07	 3.94132e+08	 3.59336e+26	 1.13054e+34
 6.19e+07	 3.87739e+08	 3.51586e+26	 1.13073e+34
 6.2e+07	 3.81434e+08	 3.43984e+26	 1.13092e+34
 6.21e+07	 3.75217e+08	 3.36529e+26	 1.13111e+34
 6.22e+07	 3.69087e+08	 3.29218e+26	 1.13129e+34
 6.23e+07	 3.63042e+08	 3.22048e+26	 1.13147e+34
 6.24e+07	 3.57081e+08	 3.15018e+26	 1.13165e+34
 6.25e+07	 3.51204e+08	 3.08123e+26	 1.13182e+34
 6.26e+07	 3.45408e+08	 3.01363e+26	 1.132e+34
 6.27e+07	 3.39695e+08	 2.94734e+26	 1.13217e+34
 6.28e+07	 3.34061e+08	 2.88235e+26	 1.13234e+34
 6.29e+07	 3.28507e+08	 2.81863e+26	 1.1325e+34
 6.3e+07	 3.23031e+08	 2.75616e+26	 1.13267e+34
 6.31e+07	 3.17632e+08	 2.69492e+26	 1.13283e+34
 6.32e+07	 3.1231e+08	 2.63488e+26	 1.13299e+34
 6.33e+07	 3.07063e+08	 2.57602e+26	 1.13315e+34
 6.34e+07	 3.01891e+08	 2.51833e+26	 1.1333e+34
 6.35e+07	 2.96792e+08	 2.46178e+26	 1.13345e+34
 6.36e+07	 2.91766e+08	 2.40635e+26	 1.1336e+34
 6.37e+07	 2.86812e+08	 2.35203e+26	 1.13375e+34
 6.38e+07	 2.81929e+08	 2.29879e+26	 1.1339e+34
 6.39e+07	 2.77116e+08	 2.24661e+26	 1.13405e+34
 6.4e+07	 2.72372e+08	 2.19547e+26	 1.13419e+34
 6.41e+07	 2.67696e+08	 2.14536e+26	 1.13433e+34
 6.42e+07	 2.63087e+08	 2.09626e+26	 1.13447e+34
 6.43e+07	 2.58546e+08	 2.04815e+26	 1.13461e+34
 6.44e+07	 2.5407e+08	 2.00101e+26	 1.13474e+34
 6.45e+07	 2.49659e+08	 1.95483e+26	 1.13487e+34
 6.46e+07	 2.45312e+08	 1.90958e+26	 1.135e+34
 6.47e+07	 2.41028e+08	 1.86525e+26	 1.13513e+34
 6.48e+07	 2.36807e+08	 1.82182e+26	 1.13526e+34
 6.49e+07	 2.32648e+08	 1.77928e+26	 1.13539e+34
 6.5e+07	 2.2855e+08	 1.73761e+26	 1.13551e+34
 6.51e+07	 2.24512e+08	 1.6968e+26	 1.13563e+34
 6.52e+07	 2.20533e+08	 1.65683e+26	 1.13575e+34
 6.53e+07	 2.16613e+08	 1.61768e+26	 1.13587e+34
 6.54e+07	 2.12751e+08	 1.57934e+26	 1.13599e+34
 6.55e+07	 2.08947e+08	 1.5418e+26	 1.1361e+34
 6.56e+07	 2.05199e+08	 1.50503e+26	 1.13622e+34
 6.57e+07	 2.01507e+08	 1.46903e+26	 1.13633e+34
 6.58e+07	 1.97869e+08	 1.43378e+26	 1.13644e+34
 6.59e+07	 1.94287e+08	 1.39928e+26	 1.13654e+34
 6.6e+07	 1.90758e+08	 1.36549e+26	 1.13665e+34
 6.61e+07	 1.87282e+08	 1.33242e+26	 1.13676e+34
 6.62e+07	 1.83858e+08	 1.30004e+26	 1.13686e+34
 6.63e+07	 1.80486e+08	 1.26835e+26	 1.13696e+34
 6.64e+07	 1.77165e+08	 1.23733e+26	 1.13706e+34
 6.65e+07	 1.73895e+08	 1.20697e+26	 1.13716e+34
 6.66e+07	 1.70674e+08	 1.17725e+26	 1.13726e+34
 6.67e+07	 1.67503e+08	 1.14817e+26	 1.13735e+34
 6.68e+07	 1.64379e+08	 1.11972e+26	 1.13745e+34
 6.69e+07	 1.61304e+08	 1.09188e+26	 1.13754e+34
 6.7e+07	 1.58276e+08	 1.06463e+26	 1.13763e+34
 6.71e+07	 1.55295e+08	 1.03798e+26	 1.13772e+34
 6.72e+07	 1.5236e+08	 1.0119e+26	 1.13781e+34
 6.73e+07	 1.4947e+08	 9.86394e+25	 1.13789e+34
 6.74e+07	 1.46625e+08	 9.6144e+25	 1.13798e+34
 6.75e+07	 1.43824e+08	 9.37033e+25	 1.13806e+34
 6.76e+07	 1.41067e+08	 9.1316e+25	 1.13815e+34
 6.77e+07	 1.38353e+08	 8.89813e+25	 1.13823e+34
 6.78e+07	 1.35682e+08	 8.6698e+25	 1.13831e+34
 6.79e+07	 1.33053e+08	 8.44653e+25	 1.13839e+34
 6.8e+07	 1.30465e+08	 8.22821e+25	 1.13846e+34
 6.81e+07	 1.27918e+08	 8.01475e+25	 1.13854e+34
 6.82e+07	 1.25412e+08	 7.80605e+25	 1.13862e+34
 6.83e+07	 1.22946e+08	 7.60203e+25	 1.13869e+34
 6.84e+07	 1.20519e+08	 7.4026e+25	 1.13876e+34
 6.85e+07	 1.1813e+08	 7.20766e+25	 1.13883e+34
 6.86e+07	 1.1578e+08	 7.01712e+25	 1.1389e+34
 6.87e+07	 1.13468e+08	 6.83091e+25	 1.13897e+34
 6.88e+07	 1.11194e+08	 6.64894e+25	 1.13904e+34
 6.89e+07	 1.08956e+08	 6.47112e+25	 1.13911e+34
 6.9e+07	 1.06754e+08	 6.29737e+25	 1.13917e+34
 6.91e+07	 1.04589e+08	 6.12762e+25	 1.13924e+34
 6.92e+07	 1.02458e+08	 5.96178e+25	 1.1393e+34
 6.93e+07	 1.00363e+08	 5.79978e+25	 1.13936e+34
 6.94e+07	 9.83023e+07	 5.64153e+25	 1.13942e+34
 6.95e+07	 9.62755e+07	 5.48698e+25	 1.13948e+34
 6.96e+07	 9.42822e+07	 5.33604e+25	 1.13954e+34
 6.97e+07	 9.23221e+07	 5.18864e+25	 1.1396e+34
 6.98e+07	 9.03947e+07	 5.04471e+25	 1.13965e+34
 6.99e+07	 8.84994e+07	 4.90418e+25	 1.13971e+34
 7e+07	 8.6636e+07	 4.76698e+25	 1.13976e+34
 7.01e+07	 8.48039e+07	 4.63305e+25	 1.13982e+34
 7.02e+07	 8.30028e+07	 4.50232e+25	 1.13987e+34
 7.03e+07	 8.12323e+07	 4.37472e+25	 1.13992e+34
 7.04e+07	 7.94918e+07	 4.25019e+25	 1.13997e+34
 7.05e+07	 7.7781e+07	 4.12867e+25	 1.14002e+34
 7.06e+07	 7.60996e+07	 4.0101e+25	 1.14007e+34
 7.07e+07	 7.4447e+07	 3.89442e+25	 1.14012e+34
 7.08e+07	 7.2823e+07	 3.78156e+25	 1.14017e+34
 7.09e+07	 7.12271e+07	 3.67146e+25	 1.14021e+34
 7.1e+07	 6.96589e+07	 3.56408e+25	 1.14026e+34
 7.11e+07	 6.81181e+07	 3.45936e+25	 1.1403e+34
 7.12e+07	 6.66042e+07	 3.35723e+25	 1.14034e+34
 7.13e+07	 6.5117e+07	 3.25765e+25	 1.14039e+34
 7.14e+07	 6.3656e+07	 3.16057e+25	 1.14043e+34
 7.15e+07	 6.22209e+07	 3.06592e+25	 1.14047e+34
 7.16e+07	 6.08113e+07	 2.97366e+25	 1.14051e+34
 7.17e+07	 5.94268e+07	 2.88374e+25	 1.14055e+34
 7.18e+07	 5.80672e+07	 2.79611e+25	 1.14059e+34
 7.19e+07	 5.67321e+07	 2.71072e+25	 1.14063e+34
 7.2e+07	 5.5421e+07	 2.62752e+25	 1.14066e+34
 7.21e+07	 5.41338e+07	 2.54646e+25	 1.1407e+34
 7.22e+07	 5.287e+07	 2.46751e+25	 1.14073e+34
 7.23e+07	 5.16293e+07	 2.3906e+25	 1.14077e+34
 7.24e+07	 5.04114e+07	 2.31571e+25	 1.1408e+34
 7.25e+07	 4.9216e+07	 2.24279e+25	 1.14084e+34
 7.26e+07	 4.80428e+07	 2.17178e+25	 1.14087e+34
 7.27e+07	 4.68913e+07	 2.10266e+25	 1.1409e+34
 7.28e+07	 4.57614e+07	 2.03538e+25	 1.14093e+34
 7.29e+07	 4.46528e+07	 1.9699e+25	 1.14096e+34
 7.3e+07	 4.3565e+07	 1.90617e+25	 1.14099e+34
 7.31e+07	 4.24978e+07	 1.84417e+25	 1.14102e+34
 7.32e+07	 4.1451e+07	 1.78385e+25	 1.14105e+34
 7.33e+07	 4.04241e+07	 1.72518e+25	 1.14108e+34
 7.34e+07	 3.9417e+07	 1.66811e+25	 1.14111e+34
 7.35e+07	 3.84294e+07	 1.61261e+25	 1.14113e+34
 7.36e+07	 3.74609e+07	 1.55865e+25	 1.14116e+34
 7.37e+07	 3.65113e+07	 1.5062e+25	 1.14118e+34
 7.38e+07	 3.55802e+07	 1.4552e+25	 1.14121e+34
 7.39e+07	 3.46675e+07	 1.40565e+25	 1.14123e+34
 7.4e+07	 3.37729e+07	 1.35749e+25	 1.14126e+34
 7.41e+07	 3.2896e+07	 1.3107e+25	 1.14128e+34
 7.42e+07	 3.20367e+07	 1.26525e+25	 1.1413e+34
 7.43e+07	 3.11946e+07	 1.2211e+25	 1.14133e+34
 7.44e+07	 3.03695e+07	 1.17823e+25	 1.14135e+34
 7.45e+07	 2.95612e+07	 1.1366e+25	 1.14137e+34
 7.46e+07	 2.87694e+07	 1.09619e+25	 1.14139e+34
 7.47e+07	 2.79938e+07	 1.05697e+25	 1.14141e+34
 7.48e+07	 2.72342e+07	 1.0189e+25	 1.14143e+34
 7.49e+07	 2.64904e+07	 9.81967e+24	 1.14145e+34
 7.5e+07	 2.57621e+07	 9.46136e+24	 1.14147e+34
 7.51e+07	 2.50491e+07	 9.11383e+24	 1.14149e+34
 7.52e+07	 2.43511e+07	 8.7768e+24	 1.1415e+34
 7.53e+07	 2.36679e+07	 8.45004e+24	 1.14152e+34
 7.54e+07	 2.29993e+07	 8.13327e+24	 1.14154e+34
 7.55e+07	 2.23451e+07	 7.82627e+24	 1.14156e+34
 7.56e+07	 2.1705e+07	 7.52878e+24	 1.14157e+34
 7.57e+07	 2.10788e+07	 7.24057e+24	 1.14159e+34
 7.58e+07	 2.04663e+07	 6.96141e+24	 1.1416e+34
 7.59e+07	 1.98672e+07	 6.69107e+24	 1.14162e+34
 7.6e+07	 1.92815e+07	 6.42933e+24	 1.14163e+34
 7.61e+07	 1.87087e+07	 6.17597e+24	 1.14165e+34
 7.62e+07	 1.81489e+07	 5.93078e+24	 1.14166e+34
 7.63e+07	 1.76016e+07	 5.69354e+24	 1.14167e+34
 7.64e+07	 1.70668e+07	 5.46406e+24	 1.14169e+34
 7.65e+07	 1.65442e+07	 5.24213e+24	 1.1417e+34
 7.66e+07	 1.60337e+07	 5.02755e+24	 1.14171e+34
 7.67e+07	 1.5535e+07	 4.82014e+24	 1.14172e+34
 7.68e+07	 1.50479e+07	 4.6197e+24	 1.14173e+34
 7.69e+07	 1.45723e+07	 4.42604e+24	 1.14174e+34
 7.7e+07	 1.41079e+07	 4.23899e+24	 1.14176e+34
 7.71e+07	 1.36546e+07	 4.05837e+24	 1.14177e+34
 7.72e+07	 1.32122e+07	 3.884e+24	 1.14178e+34
 7.73e+07	 1.27805e+07	 3.71571e+24	 1.14179e+34
 7.74e+07	 1.23593e+07	 3.55335e+24	 1.1418e+34
 7.75e+07	 1.19485e+07	 3.39673e+24	 1.14181e+34
 7.76e+07	 1.15478e+07	 3.24572e+24	 1.14181e+34
 7.77e+07	 1.11571e+07	 3.10014e+24	 1.14182e+34
 7.78e+07	 1.07762e+07	 2.95984e+24	 1.14183e+34
 7.79e+07	 1.0405e+07	 2.82468e+24	 1.14184e+34
 7.8e+07	 1.00433e+07	 2.69451e+24	 1.14185e+34
 7.81e+07	 9.69087e+06	 2.56919e+24	 1.14186e+34
 7.82e+07	 9.3476e+06	 2.44857e+24	 1.14186e+34
 7.83e+07	 9.01332e+06	 2.33252e+24	 1.14187e+34
 7.84e+07	 8.68787e+06	 2.22091e+24	 1.14188e+34
 7.85e+07	 8.37109e+06	 2.11359e+24	 1.14188e+34
 7.86e+07	 8.06282e+06	 2.01046e+24	 1.14189e+34
 7.87e+07	 7.7629e+06	 1.91137e+24	 1.1419e+34
 7.88e+07	 7.4712e+06	 1.81621e+24	 1.1419e+34
 7.89e+07	 7.18754e+06	 1.72486e+24	 1.14191e+34
 7.9e+07	 6.9118e+06	 1.63719e+24	 1.14191e+34
 7.91e+07	 6.6438e+06	 1.55311e+24	 1.14192e+34
 7.92e+07	 6.38342e+06	 1.47248e+24	 1.14192e+34
 7.93e+07	 6.13051e+06	 1.39522e+24	 1.14193e+34
 7.94e+07	 5.88492e+06	 1.32119e+24	 1.14193e+34
 7.95e+07	 5.64652e+06	 1.25032e+24	 1.14194e+34
 7.96e+07	 5.41516e+06	 1.18248e+24	 1.14194e+34
 7.97e+07	 5.19071e+06	 1.11759e+24	 1.14195e+34
 7.98e+07	 4.97304e+06	 1.05554e+24	 1.14195e+34
 7.99e+07	 4.762e+06	 9.96242e+23	 1.14196e+34
 8e+07	 4.55747e+06	 9.39602e+23	 1.14196e+34
 8.01e+07	 4.35931e+06	 8.8553e+23	 1.14196e+34
 8.02e+07	 4.16741e+06	 8.33937e+23	 1.14197e+34
 8.03e+07	 3.98162e+06	 7.84739e+23	 1.14197e+34
 8.04e+07	 3.80182e+06	 7.3785e+23	 1.14197e+34
 8.05e+07	 3.62789e+06	 6.9319e+23	 1.14198e+34
 8.06e+07	 3.45971e+06	 6.50678e+23	 1.14198e+34
 8.07e+07	 3.29716e+06	 6.10237e+23	 1.14198e+34
 8.08e+07	 3.1401e+06	 5.71792e+23	 1.14199e+34
 8.09e+07	 2.98844e+06	 5.35268e+23	 1.14199e+34
 8.1e+07	 2.84204e+06	 5.00594e+23	 1.14199e+34
 8.11e+07	 2.70079e+06	 4.67699e+23	 1.14199e+34
 8.12e+07	 2.56458e+06	 4.36517e+23	 1.142e+34
 8.13e+07	 2.4333e+06	 4.06979e+23	 1.142e+34
 8.14e+07	 2.30683e+06	 3.79023e+23	 1.142e+34
 8.15e+07	 2.18506e+06	 3.52584e+23	 1.142e+34
 8.16e+07	 2.06788e+06	 3.27603e+23	 1.142e+34
 8.17e+07	 1.9552e+06	 3.04018e+23	 1.14201e+34
 8.18e+07	 1.84689e+06	 2.81774e+23	 1.14201e+34
 8.19e+07	 1.74286e+06	 2.60812e+23	 1.14201e+34
 8.2e+07	 1.643e+06	 2.4108e+23	 1.14201e+34
 8.21e+07	 1.5472e+06	 2.22523e+23	 1.14201e+34
 8.22e+07	 1.45538e+06	 2.05091e+23	 1.14201e+34
 8.23e+07	 1.36742e+06	 1.88734e+23	 1.14201e+34
 8.24e+07	 1.28323e+06	 1.73402e+23	 1.14201e+34
 8.25e+07	 1.20271e+06	 1.59048e+23	 1.14202e+34
 8.26e+07	 1.12577e+06	 1.45628e+23	 1.14202e+34
 8.27e+07	 1.05231e+06	 1.33097e+23	 1.14202e+34
 8.28e+07	 982227	 1.21412e+23	 1.14202e+34
 8.29e+07	 915439	 1.10531e+23	 1.14202e+34
 8.3e+07	 851852	 1.00415e+23	 1.14202e+34
 8.31e+07	 791373	 9.10237e+22	 1.14202e+34
 8.32e+07	 733915	 8.23202e+22	 1.14202e+34
 8.33e+07	 679387	 7.4268e+22	 1.14202e+34
 8.34e+07	 627702	 6.6832e+22	 1.14202e+34
 8.35e+07	 578775	 5.9978e+22	 1.14202e+34
 8.36e+07	 532519	 5.36734e+22	 1.14202e+34
 8.37e+07	 488850	 4.78865e+22	 1.14202e+34
 8.38e+07	 447685	 4.25868e+22	 1.14203e+34
 8.39e+07	 408941	 3.7745e+22	 1.14203e+34
 8.4e+07	 372536	 3.33327e+22	 1.14203e+34
 8.41e+07	 338391	 2.93227e+22	 1.14203e+34
 8.42e+07	 306426	 2.56889e+22	 1.14203e+34
 8.43e+07	 276562	 2.24062e+22	 1.14203e+34
 8.44e+07	 248721	 1.94504e+22	 1.14203e+34
 8.45e+07	 222827	 1.67985e+22	 1.14203e+34
 8.46e+07	 198804	 1.44282e+22	 1.14203e+34
 8.47e+07	 176577	 1.23185e+22	 1.14203e+34
 8.48e+07	 156071	 1.0449e+22	 1.14203e+34
 8.49e+07	 137214	 8.80058e+21	 1.14203e+34
 8.5e+07	 119933	 7.3547e+21	 1.14203e+34
 8.51e+07	 104156	 6.09388e+21	 1.14203e+34
 8.52e+07	 89813.2	 5.00149e+21	 1.14203e+34
 